-62
-67
-69
-70
-72
-73
-66
-56
-58
-59
-57
-56
-57
-56
-54
-54
-52
-48
-50
-48
-42
-40
-44
-43
-42
-40
-45
-35
-35
-38
-35
-34
-38
-32
-32
-17
5
33
95
123
114
113
115
114
114
114
112
111
113
113
112
112
112
112
111
110
109
108
107
105
104
106
101
96
93
102
24
-24
-15
-20
-28
-11
-13
-64
-46
-19
-35
-62
-33
-25
-7
67
68
65
58
60
-8
-31
-34
-22
-6
-24
-32
-28
-45
-58
-61
-65
-68
-72
-71
-65
-65
-62
-59
-58
-57
-55
-49
-51
-55
-56
-50
-46
-46
-51
-50
-45
-43
-42
-42
-42
-43
-41
-37
-34
-35
-36
-35
-33
-37
-32
-20
0
13
73
118
118
113
115
114
114
113
112
113
113
112
112
112
112
111
109
108
108
107
106
106
105
102
98
94
103
25
-25
-15
-20
-29
-12
-18
-57
-41
-17
-39
-60
-32
-26
-8
64
70
64
57
64
-9
-33
-30
-11
-9
-23
-31
-25
-44
-57
-62
-62
-66
-70
-69
-66
-66
-67
-61
-60
-59
-56
-56
-52
-52
-54
-52
-47
-46
-47
-48
-46
-44
-42
-42
-40
-41
-41
-40
-39
-35
-36
-36
-31
-32
-32
-26
-9
-15
3
44
105
119
113
114
114
114
114
113
112
111
112
112
112
112
111
110
109
108
108
107
105
103
100
95
104
26
-25
-13
-19
-30
-12
-19
-60
-40
-15
-42
-58
-32
-26
-8
67
71
65
58
63
-5
-34
-33
-15
-12
-23
-47
-21
-43
-57
-58
-59
-68
-70
-69
-70
-67
-65
-64
-60
-57
-60
-59
-57
-52
-48
-49
-48
-46
-45
-48
-46
-42
-42
-41
-37
-40
-40
-40
-35
-36
-37
-31
-33
-29
-30
-27
-28
-29
-16
-6
26
93
115
114
113
113
114
114
113
111
111
112
112
112
112
112
111
109
108
107
104
103
100
96
105
28
-24
-16
-19
-27
-13
-18
-60
-42
-5
-34
-57
-33
-26
-13
63
72
67
58
63
-4
-34
-32
-17
-8
-21
-60
-18
-45
-55
-60
-55
-66
-66
-68
-62
-61
-64
-62
-61
-62
-63
-57
-58
-57
-49
-46
-48
-46
-46
-49
-44
-39
-44
-43
-40
-40
-35
-40
-39
-38
-38
-31
-30
-31
-29
-28
-30
-30
-25
-27
-12
19
69
113
116
112
114
114
113
112
111
112
112
112
112
112
111
110
108
108
105
104
101
95
108
25
-25
-14
-18
-26
-16
-19
-56
-36
-6
-29
-59
-33
-24
-9
59
72
68
61
65
0
-33
-33
-17
-13
-22
-65
-15
-42
-57
-62
-66
-66
-63
-68
-59
-58
-66
-65
-64
-62
-64
-65
-61
-61
-56
-53
-49
-42
-42
-47
-44
-38
-42
-46
-42
-37
-34
-38
-39
-37
-37
-31
-30
-32
-29
-29
-28
-29
-32
-30
-30
-12
7
47
101
119
112
114
114
114
111
112
112
112
112
112
111
110
108
108
106
103
102
96
106
25
-24
-18
-20
-27
-7
-9
-55
-34
-10
-38
-58
-34
-23
-8
54
75
68
62
68
0
-33
-30
-19
-23
-25
-63
-9
-43
-55
-59
-62
-68
-70
-68
-65
-65
-64
-62
-61
-60
-63
-64
-62
-60
-57
-57
-56
-47
-40
-46
-42
-36
-42
-43
-41
-40
-37
-34
-34
-32
-30
-31
-30
-30
-29
-28
-30
-28
-28
-35
-28
-23
-16
-3
30
81
119
114
113
113
112
111
111
111
111
111
112
109
108
108
106
104
103
98
107
29
-24
-17
-19
-26
-10
-14
-56
-36
-11
-39
-58
-32
-22
-10
53
77
70
61
67
1
-31
-30
-14
-20
-26
-74
-7
-43
-53
-58
-61
-62
-64
-65
-65
-64
-62
-60
-57
-57
-55
-53
-58
-59
-58
-61
-58
-55
-49
-48
-45
-39
-40
-41
-41
-36
-39
-41
-37
-33
-32
-29
-31
-32
-23
-21
-29
-31
-27
-30
-29
-26
-24
-16
-8
12
59
111
116
113
113
113
111
111
111
111
111
110
109
108
106
106
103
97
108
25
-22
-15
-20
-25
-18
-22
-62
-42
-11
-34
-58
-32
-23
-11
54
78
73
64
68
6
-29
-31
-18
-26
-28
-79
-2
-41
-52
-57
-59
-60
-59
-60
-62
-61
-60
-60
-56
-55
-55
-55
-57
-55
-55
-58
-59
-54
-54
-53
-47
-46
-44
-40
-40
-34
-38
-43
-42
-40
-35
-33
-32
-29
-22
-18
-22
-29
-30
-31
-26
-23
-26
-26
-23
-18
-1
33
95
117
113
113
112
110
111
111
111
111
110
108
106
106
103
97
108
27
-22
-15
-20
-27
-14
-18
-55
-35
-11
-41
-63
-28
-23
-11
55
82
71
64
72
6
-31
-31
-13
-21
-28
-78
0
-40
-53
-52
-53
-57
-58
-58
-58
-59
-61
-60
-60
-62
-61
-59
-57
-55
-53
-50
-54
-52
-50
-51
-50
-46
-46
-44
-42
-39
-36
-39
-37
-35
-33
-35
-33
-31
-26
-22
-18
-22
-28
-31
-30
-25
-24
-27
-27
-26
-23
-10
12
72
118
115
112
114
111
111
111
111
112
109
106
105
103
98
108
31
-23
-16
-20
-26
-11
-14
-56
-36
-6
-39
-65
-29
-21
-10
55
83
73
65
74
3
-31
-28
-20
-28
-24
-84
4
-40
-50
-51
-54
-55
-56
-56
-57
-54
-52
-51
-54
-59
-58
-55
-57
-58
-48
-46
-49
-52
-50
-45
-48
-46
-45
-45
-46
-40
-32
-35
-36
-34
-31
-35
-35
-30
-27
-26
-26
-25
-30
-32
-32
-27
-22
-25
-24
-27
-24
-18
-19
3
47
102
119
114
115
112
111
111
111
111
108
106
105
98
109
27
-24
-15
-22
-27
-9
-12
-57
-39
-10
-35
-71
-28
-22
-9
54
83
73
65
74
0
-31
-28
-21
-19
-28
-77
6
-41
-51
-49
-50
-51
-47
-53
-58
-54
-50
-49
-48
-50
-51
-51
-55
-54
-54
-47
-47
-47
-50
-47
-44
-46
-45
-45
-44
-43
-38
-35
-38
-36
-30
-28
-29
-30
-28
-28
-28
-26
-29
-30
-30
-28
-24
-23
-25
-25
-23
-19
-25
-15
-2
26
90
117
113
111
111
111
111
111
108
107
105
100
109
24
-24
-15
-21
-29
-9
-11
-57
-38
-7
-41
-74
-30
-22
-11
53
84
74
66
75
7
-29
-27
-18
-25
-33
-72
7
-39
-52
-48
-55
-49
-43
-48
-52
-49
-47
-47
-47
-47
-47
-48
-52
-52
-51
-47
-46
-45
-45
-43
-43
-47
-47
-47
-48
-47
-42
-42
-39
-33
-31
-27
-28
-27
-26
-28
-29
-26
-27
-28
-28
-23
-21
-24
-24
-23
-22
-20
-26
-22
-17
-6
13
59
108
117
111
111
111
111
110
108
106
103
110
16
-30
-19
-22
-29
-11
-11
-57
-39
-10
-44
-71
-31
-22
-11
52
85
75
68
75
10
-27
-24
-26
-22
-29
-71
0
-42
-51
-47
-23
-33
-57
-47
-52
-50
-47
-42
-42
-45
-44
-48
-45
-46
-41
-46
-46
-45
-46
-40
-40
-41
-46
-45
-46
-47
-42
-37
-35
-36
-36
-34
-32
-28
-26
-27
-32
-27
-23
-26
-24
-22
-21
-21
-21
-22
-21
-21
-22
-22
-18
-20
-12
-9
31
94
117
111
111
111
112
110
106
103
111
4
-42
-22
-23
-31
-18
-15
-50
-38
-10
-41
-73
-28
-21
-10
53
86
78
68
76
3
-31
-21
-29
-29
-30
-68
-4
-43
-48
-33
54
89
31
-33
-52
-47
-45
-41
-41
-39
-38
-45
-46
-39
-41
-44
-45
-44
-44
-40
-40
-39
-41
-40
-34
-39
-37
-36
-39
-39
-38
-35
-37
-31
-26
-30
-29
-26
-27
-27
-26
-24
-22
-23
-22
-23
-22
-21
-22
-20
-20
-22
-24
-16
-9
15
72
115
112
110
111
109
106
104
109
0
-48
-30
-30
-33
-15
-11
-52
-36
-4
-42
-74
-28
-19
-9
54
87
77
68
78
7
-28
-22
-29
-23
-27
-65
0
-38
-48
-28
68
127
121
104
53
-17
-35
-44
-42
-38
-37
-40
-44
-46
-40
-33
-41
-45
-43
-29
-38
-41
-40
-43
-36
-35
-40
-38
-41
-38
-36
-36
-35
-32
-26
-25
-24
-25
-26
-24
-24
-25
-23
-24
-22
-21
-23
-24
-23
-20
-21
-21
-22
-25
-16
-7
-2
43
107
115
110
109
106
106
110
0
-50
-36
-39
-40
-23
-15
-50
-34
0
-39
-75
-28
-18
-10
52
85
77
69
79
11
-27
-22
-31
-14
-22
-63
4
-38
-48
-21
79
127
123
127
126
117
60
-2
-31
-48
-38
-34
-36
-37
-39
-34
-37
-38
-35
-37
-42
-40
-42
-41
-41
-42
-40
-38
-40
-38
-36
-37
-39
-35
-31
-25
-21
-23
-27
-27
-24
-23
-23
-23
-20
-13
-18
-23
-23
-21
-18
-21
-21
-20
-19
-21
-17
-10
18
88
117
111
103
106
110
0
-49
-36
-42
-43
-40
-29
-46
-30
5
-37
-73
-32
-21
-9
50
89
80
70
80
13
-29
-23
-25
-8
-21
-55
0
-38
-46
-22
74
127
123
124
125
126
127
122
74
27
-19
-42
-34
-34
-37
-32
-36
-37
-33
-33
-38
-33
-36
-38
-32
-36
-40
-37
-35
-38
-35
-38
-39
-41
-37
-31
-22
-23
-27
-27
-23
-21
-21
-22
-24
-17
-19
-23
-24
-22
-19
-22
-20
-18
-20
-23
-23
-20
-15
-5
54
108
112
104
112
1
-50
-36
-41
-44
-49
-26
-48
-37
3
-41
-71
-29
-19
-10
50
89
80
71
81
13
-28
-19
-32
-5
-11
-47
-10
-37
-45
-15
96
127
124
126
125
124
123
122
127
123
88
42
-8
-38
-35
-26
-31
-33
-35
-31
-35
-33
-33
-39
-38
-39
-37
-38
-35
-32
-28
-32
-34
-32
-33
-30
-22
-21
-28
-28
-23
-22
-23
-22
-20
-23
-21
-23
-24
-22
-18
-19
-18
-20
-22
-21
-22
-22
-23
-20
-11
25
84
111
111
-5
-53
-37
-39
-46
-51
-27
-51
-35
2
-42
-73
-29
-19
-10
50
89
81
73
81
18
-25
-22
-26
0
-20
-42
-3
-36
-44
-12
103
126
125
126
126
126
126
125
124
124
127
124
108
65
-2
-20
-22
-32
-25
-30
-35
-36
-31
-30
-32
-37
-32
-33
-35
-30
-27
-26
-30
-33
-30
-29
-20
-20
-30
-27
-26
-24
-22
-22
-23
-24
-23
-21
-18
-19
-20
-20
-20
-21
-21
-23
-22
-21
-23
-22
-19
-17
5
58
112
-1
-51
-38
-41
-48
-50
-30
-49
-36
1
-38
-69
-33
-19
-10
49
89
80
73
82
18
-26
-25
-22
0
-20
-45
-6
-35
-43
-9
107
126
125
126
126
126
127
127
127
126
125
125
126
127
117
65
19
-13
-30
-23
-22
-25
-24
-28
-29
-33
-35
-35
-32
-33
-29
-23
-29
-32
-28
-27
-19
-24
-32
-29
-27
-25
-24
-22
-22
-24
-23
-21
-20
-21
-19
-23
-20
-20
-22
-22
-22
-21
-19
-21
-24
-23
-18
-9
37
-6
-48
-38
-43
-48
-50
-32
-52
-37
1
-38
-72
-28
-17
-11
49
91
82
75
83
21
-25
-24
-16
0
-30
-53
-11
-33
-42
-9
114
126
125
126
126
126
127
127
127
127
127
126
124
124
126
127
123
86
33
-8
-27
-20
-16
-23
-25
-30
-34
-32
-28
-23
-26
-25
-29
-31
-28
-27
-18
-20
-30
-31
-28
-27
-29
-26
-22
-22
-20
-23
-23
-18
-20
-24
-18
-16
-19
-20
-20
-17
-17
-21
-22
-25
-24
-32
-9
-22
-43
-41
-43
-48
-50
-33
-50
-33
2
-40
-70
-28
-20
-11
51
93
82
76
83
29
-23
-26
-11
4
-25
-42
-12
-29
-44
-6
118
126
125
126
126
126
127
127
127
127
127
126
125
125
126
125
126
127
125
92
53
4
-20
-17
-17
-18
-23
-25
-31
-25
-20
-24
-24
-26
-26
-24
-17
-19
-28
-27
-27
-28
-31
-28
-28
-22
-19
-22
-22
-20
-19
-20
-20
-17
-16
-19
-19
-20
-17
-19
-20
-21
-25
-31
-25
-25
-41
-42
-44
-48
-51
-38
-51
-33
1
-38
-65
-30
-17
-11
49
94
84
76
84
28
-24
-25
-20
-4
-24
-45
-20
-25
-44
10
127
122
125
126
126
126
127
127
127
127
127
127
126
126
126
126
126
125
123
126
126
111
66
6
-18
-19
-20
-22
-27
-27
-25
-22
-21
-25
-24
-20
-18
-20
-26
-26
-27
-23
-26
-27
-28
-26
-27
-25
-22
-17
-20
-21
-18
-20
-22
-20
-17
-21
-20
-22
-23
-25
-25
-29
-25
-30
-39
-41
-45
-50
-54
-33
-45
-33
2
-36
-65
-30
-19
-12
49
95
84
77
84
34
-20
-27
-14
3
-25
-53
-19
-24
-43
15
127
123
126
126
126
126
127
127
127
127
127
126
125
126
125
125
126
126
123
121
125
127
127
119
79
28
-11
-25
-23
-20
-23
-22
-21
-20
-23
-21
-20
-20
-24
-24
-22
-19
-24
-24
-27
-28
-28
-27
-28
-24
-24
-22
-20
-21
-22
-21
-21
-22
-21
-20
-24
-27
-25
-29
-23
-31
-43
-42
-46
-50
-53
-33
-45
-33
2
-38
-69
-31
-20
-11
50
96
84
77
85
25
-23
-23
-18
3
-13
-58
-21
-19
-43
16
127
124
126
126
125
126
127
127
127
127
127
126
126
126
126
126
126
126
126
126
126
125
126
126
126
127
87
34
1
-27
-20
-11
-13
-19
-24
-23
-22
-21
-22
-22
-20
-20
-26
-26
-28
-28
-25
-23
-28
-29
-28
-25
-20
-19
-20
-22
-22
-24
-23
-19
-19
-26
-27
-30
-24
-32
-45
-44
-44
-51
-53
-38
-43
-34
0
-33
-58
-32
-19
-11
50
97
84
77
84
29
-23
-26
-21
0
-7
-57
-29
-14
-43
29
127
123
125
126
125
126
127
127
127
127
127
127
127
127
127
127
127
127
127
127
127
127
127
126
126
124
126
125
102
57
5
-12
-12
-16
-17
-16
-20
-20
-20
-19
-19
-23
-24
-28
-28
-30
-29
-25
-29
-31
-29
-30
-27
-23
-18
-22
-23
-23
-23
-24
-19
-23
-29
-32
-23
-26
-44
-42
-46
-50
-54
-42
-41
-40
-6
-33
-65
-32
-18
-13
49
96
85
78
83
32
-25
-28
-16
0
-3
-53
-28
-18
-42
37
127
123
126
126
125
126
127
127
127
127
127
127
127
127
127
127
127
127
127
127
127
127
127
127
126
126
124
122
126
127
112
74
15
-11
-17
-14
-16
-20
-20
-20
-17
-19
-20
-22
-21
-23
-26
-31
-34
-34
-34
-36
-36
-32
-23
-20
-20
-21
-21
-24
-27
-26
-28
-31
-20
-28
-42
-42
-44
-51
-54
-39
-33
-44
-8
-27
-53
-34
-17
-14
48
95
86
80
84
29
-25
-24
-16
-4
-2
-43
-29
-18
-41
53
127
123
126
126
125
126
127
127
127
127
127
127
127
127
127
127
127
127
127
127
127
127
127
127
126
126
126
125
124
122
125
126
123
84
30
4
-11
-16
-11
-15
-19
-21
-25
-27
-22
-22
-23
-30
-32
-31
-32
-33
-31
-29
-21
-20
-20
-20
-25
-22
-25
-30
-29
-30
-25
-35
-42
-41
-44
-49
-53
-42
-39
-48
-11
-28
-51
-35
-18
-15
47
95
85
79
87
29
-27
-23
-19
-3
-20
-41
-27
-15
-41
55
127
124
126
126
125
126
127
127
127
127
127
127
127
127
127
127
127
127
127
127
127
127
127
127
127
127
126
126
126
126
125
125
126
127
126
94
48
9
-17
-14
-10
-16
-21
-21
-24
-27
-24
-29
-30
-29
-29
-28
-27
-25
-17
-16
-20
-18
-22
-22
-21
-28
-29
-31
-26
-36
-43
-44
-43
-50
-54
-42
-35
-50
-14
-29
-56
-33
-19
-14
43
98
88
79
89
14
-37
-27
-24
-2
-15
-27
-35
-19
-37
69
127
124
126
126
125
126
127
127
127
127
127
127
127
127
127
127
127
127
127
127
127
127
127
127
126
126
126
126
126
126
126
126
125
125
125
126
126
106
67
15
-12
-14
-13
-14
-20
-23
-25
-26
-27
-26
-27
-27
-26
-28
-19
-16
-22
-30
-27
-24
-24
-25
-28
-32
-27
-33
-41
-45
-43
-49
-54
-43
-34
-61
-19
-27
-53
-33
-18
-16
50
99
85
80
90
8
-45
-34
-32
-12
-9
-23
-41
-24
-40
79
126
125
126
126
125
126
127
127
127
127
127
127
127
127
127
127
127
127
127
127
127
127
127
127
126
126
126
126
127
126
126
125
126
127
125
124
123
126
127
111
79
21
-14
-15
-14
-14
-19
-23
-24
-23
-24
-24
-26
-25
-23
-23
-8
20
-10
-25
-24
-30
-31
-30
-25
-38
-45
-42
-43
-51
-54
-43
-33
-48
-16
-29
-55
-36
-19
-20
18
91
93
77
88
19
-43
-37
-39
-25
-14
-16
-39
-20
-37
85
127
125
126
127
127
127
127
127
127
127
127
127
127
127
127
127
127
127
127
127
127
127
127
127
127
127
127
127
127
127
127
127
127
127
127
127
127
124
124
127
127
122
87
32
0
-15
-20
-21
-22
-20
-21
-21
-23
-23
-20
-17
23
44
38
2
-29
-30
-36
-36
-27
-32
-42
-43
-46
-49
-55
-46
-27
-48
-15
-28
-54
-35
-18
-14
-21
16
72
86
87
19
-42
-41
-42
-41
-25
-9
-39
-22
-39
103
127
125
127
127
127
127
127
127
127
127
127
127
127
127
127
127
127
127
127
127
127
127
127
127
127
127
127
127
127
127
127
127
127
127
127
127
127
126
126
126
125
125
126
126
95
45
12
-15
-18
-19
-18
-18
-24
-19
-25
-13
38
30
43
38
-15
-28
-34
-40
-32
-33
-42
-44
-45
-51
-54
-50
-27
-62
-18
-25
-52
-35
-19
-17
-23
-29
-8
34
89
31
-46
-44
-45
-45
-31
-17
-40
-18
-41
109
125
124
127
127
127
127
127
127
127
127
127
127
127
127
127
127
127
127
127
127
127
127
127
127
127
127
127
127
127
127
127
127
127
127
127
127
127
126
127
127
127
125
124
122
126
127
102
-8
-14
-16
-15
-17
-23
-19
-23
-22
30
30
42
48
14
-33
-28
-36
-30
-29
-42
-44
-46
-49
-54
-48
-24
-63
-24
-24
-51
-34
-19
-17
-22
-34
-32
-44
20
10
-47
-45
-47
-49
-36
-17
-41
-19
-40
122
126
126
127
127
127
127
127
127
127
127
127
127
127
127
127
127
127
127
127
127
127
127
127
127
127
127
127
127
127
127
127
127
127
127
127
127
127
127
127
127
127
126
126
126
124
123
120
5
-8
-15
-18
-19
-20
-17
-19
-23
35
34
39
58
14
-49
-27
-34
-28
-29
-42
-44
-46
-49
-55
-50
-23
-64
-23
-26
-50
-36
-20
-16
-24
-33
-38
-40
-46
-30
-44
-48
-47
-48
-41
-15
-42
-16
-41
123
127
127
127
127
127
127
127
127
127
127
127
127
127
127
127
127
127
127
127
127
127
127
127
127
127
127
127
127
127
127
127
127
127
127
127
127
127
127
127
126
126
126
126
126
125
125
118
5
-9
-13
-13
-13
-14
-12
-20
-14
19
30
35
50
9
-48
-26
-39
-28
-33
-43
-43
-46
-49
-57
-52
-23
-66
-19
-25
-48
-36
-21
-16
-24
-35
-37
-41
-43
-40
-43
-46
-47
-48
-44
-21
-48
-15
-43
122
127
127
127
127
127
127
127
127
127
127
127
127
127
127
127
127
127
127
127
127
127
127
127
127
127
127
127
127
127
127
127
127
127
127
127
127
127
127
127
127
126
126
126
126
126
125
118
4
-8
-9
-11
-12
-17
-12
-15
-23
0
22
36
34
-14
-33
-33
-38
-29
-31
-43
-44
-46
-49
-56
-53
-23
-60
-23
-26
-47
-37
-21
-16
-24
-35
-36
-40
-43
-42
-44
-47
-47
-46
-51
-30
-55
-7
-43
125
127
127
127
127
127
127
127
127
127
127
127
127
127
127
127
127
127
127
127
127
127
127
127
127
127
127
127
127
127
127
127
127
127
127
127
127
127
127
127
127
126
126
126
126
125
127
120
8
-7
-11
-13
-13
-17
-16
-15
-22
-13
2
-1
5
-30
-30
-32
-39
-30
-31
-43
-44
-45
-49
-53
-58
-22
-64
-24
-26
-55
-36
-20
-17
-24
-37
-38
-38
-42
-40
-45
-49
-49
-49
-51
-36
-60
0
-45
127
127
127
127
127
127
127
127
127
127
127
127
127
127
127
127
127
127
127
127
127
127
127
127
127
127
127
127
127
127
127
127
127
127
127
127
127
127
127
127
127
127
127
127
126
125
127
120
19
0
-11
-10
-12
-16
-13
-13
-18
-22
-20
-24
-25
-23
-33
-33
-34
-28
-31
-42
-43
-44
-49
-56
-56
-21
-62
-20
-30
-61
-35
-20
-17
-25
-40
-40
-39
-42
-40
-46
-50
-51
-47
-49
-39
-75
-3
-42
127
127
127
127
127
127
127
127
127
127
127
127
127
127
127
127
127
127
127
127
127
127
127
127
127
127
127
127
127
127
127
127
127
127
127
127
127
127
127
127
127
127
127
127
126
125
127
119
20
17
2
-9
-14
-11
-12
-15
-15
-19
-19
-21
-30
10
43
-14
-42
-33
-29
-41
-42
-42
-48
-57
-59
-25
-62
-26
-30
-58
-36
-22
-21
-27
-38
-41
-40
-43
-42
-45
-47
-51
-48
-50
-43
-69
-2
-44
127
127
127
127
127
127
127
127
127
127
127
127
127
127
127
127
127
127
127
127
127
127
127
127
127
127
127
127
127
127
127
127
127
127
127
127
127
127
127
127
127
127
127
127
126
125
127
119
16
13
10
5
-12
-13
-13
-17
-21
-19
-20
-20
-30
34
127
101
48
3
-27
-41
-41
-42
-49
-56
-60
-24
-60
-27
-32
-62
-37
-23
-20
-27
-40
-40
-42
-45
-44
-46
-48
-50
-48
-52
-40
-61
-8
-45
127
127
127
127
127
127
127
127
127
127
127
127
127
127
127
127
127
127
127
127
127
127
127
127
127
127
127
127
127
127
127
127
127
127
127
127
127
127
127
127
127
127
127
127
126
126
127
119
29
18
14
17
-4
-10
-16
-12
-22
-18
-20
-17
-32
27
127
116
124
117
0
-49
-39
-44
-51
-53
-62
-27
-56
-27
-35
-59
-35
-24
-18
-31
-47
-39
-44
-46
-45
-47
-49
-50
-49
-50
-36
-58
-16
-46
127
127
127
127
127
127
127
127
127
127
127
127
127
127
127
127
127
127
127
127
127
127
127
127
127
127
127
127
127
127
127
127
127
127
127
127
127
127
127
127
127
127
127
127
126
126
127
119
30
29
15
12
-1
9
-5
-16
-18
-19
-20
-18
-32
27
127
115
111
127
11
-51
-39
-43
-50
-56
-60
-27
-60
-20
-33
-65
-36
-22
-19
-33
-51
-44
-44
-46
-45
-47
-51
-52
-48
-53
-35
-53
-17
-44
127
127
127
127
127
127
127
127
127
127
127
127
127
127
127
127
127
127
127
127
127
127
127
127
127
127
127
127
127
127
127
127
127
127
127
127
127
127
127
127
127
127
127
127
126
126
127
120
27
28
19
13
-1
11
0
-17
-19
-21
-22
-21
-30
38
127
116
114
127
11
-51
-37
-43
-50
-58
-57
-30
-61
-17
-31
-64
-39
-24
-18
-27
-47
-45
-44
-46
-45
-47
-52
-52
-48
-50
-34
-52
-20
-44
127
127
127
127
127
127
127
127
127
127
127
127
127
127
127
127
127
127
127
127
127
127
127
127
127
127
127
127
127
127
127
127
127
127
127
127
127
127
127
127
127
127
127
127
125
125
127
116
29
17
22
20
-1
3
-1
-13
-19
-21
-20
-19
-29
40
127
115
115
127
9
-51
-38
-43
-52
-55
-59
-32
-61
-18
-32
-65
-40
-25
-17
-28
-46
-43
-43
-46
-45
-48
-51
-52
-50
-48
-31
-44
-20
-44
127
127
127
127
127
127
127
127
127
127
127
127
127
127
127
127
127
127
127
127
127
127
127
127
127
127
127
127
127
127
127
127
127
127
127
127
127
127
127
127
127
127
127
127
125
125
127
111
32
23
20
18
0
10
7
-13
-18
-22
-23
-18
-26
39
127
116
115
127
11
-52
-38
-44
-51
-55
-44
-28
-66
-16
-34
-64
-41
-26
-20
-29
-44
-43
-41
-47
-48
-49
-53
-53
-49
-52
-36
-44
-18
-43
127
127
127
127
127
127
127
127
127
127
127
127
127
127
127
127
127
127
127
127
127
127
127
127
127
127
127
127
127
127
127
127
127
127
127
127
127
127
127
127
127
127
127
127
126
126
127
107
27
21
15
16
5
12
1
-17
-16
-20
-21
-19
-27
37
127
116
115
127
13
-51
-38
-44
-52
-57
-52
-30
-63
-15
-32
-62
-41
-27
-22
-29
-41
-40
-42
-48
-47
-50
-53
-54
-53
-52
-40
-46
-24
-43
127
127
127
127
127
127
127
127
127
127
127
127
127
127
127
127
127
127
127
127
127
127
127
127
127
127
127
127
127
127
127
127
127
127
127
127
127
127
127
127
127
127
127
127
126
126
125
111
30
21
23
10
8
12
-8
-22
-19
-17
-19
-19
-28
35
127
115
115
127
13
-49
-39
-45
-53
-60
-59
-33
-67
-9
-29
-59
-45
-27
-21
-28
-45
-44
-43
-47
-47
-46
-51
-52
-53
-51
-37
-50
-26
-39
127
127
127
127
127
127
127
127
127
127
127
127
127
127
127
127
127
127
127
127
127
127
127
127
127
127
127
127
127
127
127
127
127
127
127
127
127
127
127
127
127
127
127
127
126
125
126
105
23
23
25
21
6
12
0
-21
-19
-17
-20
-16
-29
34
127
115
115
127
13
-51
-39
-45
-52
-58
-47
-29
-62
-11
-29
-56
-44
-28
-23
-29
-44
-47
-45
-50
-46
-48
-55
-56
-51
-53
-43
-49
-26
-38
127
127
127
127
127
127
127
127
127
127
127
127
127
127
127
127
127
127
127
127
127
127
127
127
127
127
127
127
127
127
127
127
127
127
127
127
127
127
127
127
127
127
127
127
126
125
127
101
26
17
5
7
1
13
4
-20
-21
-20
-22
-17
-30
29
127
114
115
127
13
-52
-39
-47
-52
-57
-50
-26
-54
-7
-28
-53
-43
-30
-23
-29
-42
-45
-46
-44
-50
-55
-54
-57
-54
-52
-40
-64
-32
-39
124
125
126
126
127
127
127
127
126
126
126
126
126
127
127
127
127
127
127
127
127
127
127
127
127
127
127
127
127
127
127
127
127
127
127
127
127
127
127
127
127
127
127
127
126
124
127
96
31
8
-1
3
0
9
-4
-21
-23
-21
-22
-21
-27
39
127
116
115
127
17
-53
-41
-44
-51
-60
-52
-23
-45
-17
-28
-49
-47
-30
-24
-29
-45
-48
-51
-50
26
-43
-64
-56
-56
-54
-44
-63
-36
-40
122
123
123
125
126
125
126
126
126
126
126
127
126
126
126
126
126
126
126
126
127
127
127
127
127
127
127
127
127
127
127
127
127
127
127
127
127
127
127
127
127
127
127
127
126
124
127
89
29
13
4
6
7
-4
-6
-19
-25
-21
-23
-22
-27
42
127
115
116
127
18
-53
-41
-44
-51
-61
-53
-20
-42
-17
-25
-44
-47
-28
-24
-30
-45
-50
-47
-63
51
-30
-67
-56
-54
-58
-48
-54
-40
-42
127
127
127
127
127
126
125
125
125
125
125
126
126
126
126
126
126
126
126
126
127
127
127
127
127
127
127
127
127
127
127
127
127
127
127
127
127
127
127
127
127
127
127
127
126
124
127
88
19
10
28
26
11
15
4
-24
-25
-23
-24
-22
-31
38
127
115
116
127
18
-53
-39
-45
-51
-61
-55
-18
-44
-13
-21
-42
-48
-31
-25
-27
-39
-47
-47
-66
40
-29
-67
-60
-59
-57
-56
-52
-43
-39
37
53
70
93
103
119
127
126
127
127
127
126
126
126
126
124
125
124
124
126
127
126
126
127
127
127
127
127
127
127
127
127
127
127
127
127
127
127
127
127
127
127
127
127
126
125
127
88
24
22
-23
-63
-74
-73
-33
-13
-28
-25
-20
-24
-31
41
127
115
115
127
18
-53
-42
-48
-51
-63
-56
-13
-43
-23
-23
-40
-53
-31
-27
-27
-34
-45
-48
-74
42
-24
-70
-58
-59
-59
-40
-40
-45
-40
-31
-26
-8
1
7
17
37
49
72
84
100
118
124
124
124
126
127
127
127
127
127
124
124
125
125
126
126
127
127
127
127
127
127
127
127
127
127
127
127
127
127
127
127
127
126
124
127
86
22
2
-59
-66
-84
-116
-58
-8
-27
-24
-20
-24
-33
38
127
116
114
127
21
-53
-43
-48
-55
-65
-58
-16
-40
-24
-22
-38
-53
-32
-28
-30
-39
-49
-48
-75
28
-21
-71
-60
-59
-59
-27
-30
-40
-39
-3
-16
-4
-12
-9
-8
-12
-15
-14
-11
6
12
22
44
63
80
98
107
111
119
123
126
127
127
127
127
126
124
125
125
125
126
127
127
127
127
127
127
127
127
127
127
127
127
126
124
127
83
9
14
-12
-61
-75
-98
-36
-14
-29
-27
-24
-22
-38
29
127
115
114
127
18
-56
-44
-49
-57
-64
-62
-23
-44
-87
-102
-96
-66
-30
-28
-30
-32
-50
-54
-69
-45
-46
-63
-60
-61
-61
-30
-34
-42
-41
67
19
36
111
95
92
61
49
38
26
18
2
-6
-23
-23
-18
-17
1
23
39
57
77
90
96
105
114
124
127
127
127
126
126
125
125
125
125
125
125
126
126
126
125
125
125
125
124
127
87
3
40
77
35
-69
-77
-33
-15
-31
-27
-24
-23
-37
28
127
115
114
127
15
-57
-44
-50
-59
-66
-58
-37
-51
-102
-112
-115
-75
-29
-30
-32
-34
-55
-59
-60
-43
-52
-66
-64
-62
-61
-35
-45
-46
-39
57
23
55
127
124
126
126
127
127
122
108
97
84
72
61
41
29
17
0
-12
-19
-13
-6
0
15
34
41
53
65
84
101
116
127
127
127
126
126
126
125
125
123
125
124
124
125
123
126
89
11
33
71
20
-46
-67
-36
-14
-30
-26
-19
-24
-33
32
127
116
115
127
19
-56
-45
-52
-61
-65
-65
-20
-9
-92
-105
-96
-63
-32
-29
-31
-40
-56
-61
-58
-27
-49
-67
-62
-62
-66
-43
-53
-49
-34
60
19
63
127
124
126
122
122
121
122
124
126
127
127
127
123
119
116
104
101
87
68
53
2
-8
-14
-25
-10
-11
4
7
18
28
44
65
84
97
116
125
125
127
127
127
127
127
125
127
90
21
45
59
-29
-19
-53
-49
-24
-31
-26
-23
-26
-33
36
127
116
114
127
18
-59
-46
-56
-59
-63
-73
-3
10
-93
-93
-88
-61
-34
-32
-34
-43
-55
-62
-58
-28
-49
-68
-63
-64
-67
-43
-62
-53
-33
22
6
51
111
110
119
123
126
127
127
127
127
126
126
124
123
122
124
126
126
126
125
127
64
17
88
113
90
70
54
29
11
8
4
10
5
4
9
10
29
60
65
89
111
112
116
126
84
17
43
40
-39
-60
-58
-67
-32
-29
-29
-18
-24
-37
32
127
115
115
127
19
-59
-49
-57
-62
-64
-82
-5
17
-98
-99
-93
-63
-33
-32
-33
-42
-53
-62
-60
-31
-50
-69
-66
-67
-68
-46
-62
-54
-40
-32
-18
-26
-11
7
18
28
44
53
66
74
85
94
106
118
127
127
127
127
127
127
127
124
80
25
102
126
125
126
127
127
127
118
101
87
71
52
42
29
7
-3
-6
-11
-15
-3
22
38
27
-6
0
-29
-79
-93
-78
-70
-32
-31
-28
-19
-25
-33
33
127
116
114
127
20
-58
-52
-58
-64
-68
-88
-1
45
-92
-100
-92
-62
-36
-33
-33
-38
-54
-64
-58
-29
-44
-67
-66
-67
-70
-60
-68
-51
-35
-27
-17
-21
-20
-22
-28
-33
-34
-35
-28
-21
-10
-6
-8
3
15
29
39
50
67
81
94
93
65
18
109
127
125
126
126
126
125
125
127
127
127
127
126
126
86
40
54
84
63
51
32
13
3
-2
-12
-63
-91
-68
-69
-59
-24
-37
-34
-29
-31
-40
35
127
118
116
127
23
-60
-55
-60
-62
-69
-88
-10
0
-107
-102
-102
-73
-41
-34
-37
-38
-40
-46
-46
-30
-43
-67
-68
-70
-70
-60
-67
-53
-44
19
-5
46
79
62
54
44
38
-2
-11
-6
-15
-25
-32
-35
-36
-31
-28
-27
-18
-16
-10
-13
-18
-1
13
40
57
74
88
109
120
123
123
123
123
124
127
127
105
55
77
127
125
124
113
115
58
14
7
-67
-90
-60
-60
-64
-30
-36
-37
-35
-34
-40
-4
79
103
111
127
17
-66
-58
-62
-63
-68
-81
2
-43
-120
-99
-80
-64
-42
-35
-37
-38
-40
-37
-40
-42
-42
-51
-59
-62
-70
-57
-71
-57
-41
39
8
98
127
125
127
126
127
59
54
127
108
98
81
69
48
-15
1
-13
-26
-24
-15
-22
-17
-7
-16
-18
-28
-26
-15
-15
-12
-4
8
30
50
60
77
95
72
27
65
119
115
121
125
127
71
20
17
-82
-91
-74
-52
-93
-45
-37
-38
-34
-41
-42
-39
-38
-38
-32
-14
-35
-58
-59
-63
-67
-72
-73
1
-57
-112
-104
-78
-57
-50
-33
-38
-39
-38
-45
-47
-44
-44
-46
-47
-48
-51
-50
-67
-63
-49
32
11
104
127
125
126
126
126
66
77
127
124
127
126
127
104
18
-1
-4
-10
-22
-32
-39
-30
-21
-26
-4
34
21
9
17
17
9
-1
-12
-16
-30
-36
-35
-32
-18
-2
3
20
44
54
66
30
15
-2
-95
-88
-83
-59
-85
-48
-34
-39
-37
-41
-47
-28
-17
30
32
5
-29
-57
-65
-65
-70
-74
-73
-35
-68
-108
-109
-86
-62
-46
-35
-37
-39
-36
-38
-41
-40
-42
-47
-48
-51
-51
-52
-56
-60
-60
27
22
108
127
125
126
126
126
62
84
127
123
124
123
122
116
16
-25
-29
-20
-41
-52
-39
-33
-28
-39
25
127
118
65
100
111
100
100
39
58
75
68
57
22
-6
-2
-2
-21
-33
-43
-51
-26
23
-6
-112
-82
-79
-58
-82
-49
-38
-44
-41
-41
-52
-14
9
94
127
127
11
-74
-60
-66
-70
-74
-73
-33
-68
-115
-108
-93
-86
-52
-37
-37
-39
-39
-39
-43
-44
-42
-43
-44
-49
-52
-55
-60
-60
-61
30
20
114
127
125
126
126
123
63
90
127
124
125
124
123
66
-19
-32
-31
-22
-52
-66
-59
-31
-23
-18
14
112
112
73
117
127
124
127
74
106
127
126
127
78
7
65
117
95
27
99
89
26
8
-23
-75
-88
-90
-85
-97
-73
-41
-47
-47
-48
-46
-42
-48
-7
18
53
-14
-70
-60
-67
-72
-81
-62
-3
-87
-109
-109
-98
-97
-52
-37
-38
-39
-41
-40
-43
-44
-46
-46
-49
-52
-53
-54
-58
-61
-61
30
13
120
126
125
126
126
121
56
94
127
124
126
125
125
37
-17
-34
-30
-22
-59
-70
-64
-33
-16
-15
10
116
113
68
119
126
121
127
72
100
126
120
126
84
18
81
127
116
51
127
127
77
-31
-45
-66
-86
-88
-90
-89
-88
-55
-45
-49
-50
-51
-49
-44
-34
-46
-53
-45
-58
-67
-69
-73
-85
-71
-17
-65
-95
-101
-102
-104
-71
-35
-39
-42
-41
-41
-44
-44
-46
-48
-51
-54
-55
-56
-59
-62
-64
23
14
126
124
125
126
126
120
46
99
127
125
125
125
123
33
-25
-40
-31
-23
-65
-65
-69
-29
-22
-15
11
118
110
63
120
125
123
127
68
100
126
122
126
79
13
81
127
110
51
122
119
82
-30
-91
-86
-86
-92
-90
-93
-94
-80
-49
-52
-51
-56
-34
-22
70
42
37
-6
-76
-67
-72
-73
-80
-59
-44
-52
-96
-103
-104
-105
-102
-56
-38
-44
-43
-43
-46
-46
-48
-47
-51
-56
-56
-59
-62
-62
-67
20
26
127
123
125
125
126
118
29
105
126
125
124
126
118
24
-32
-39
-32
-22
-77
-81
-80
-66
-63
-46
18
119
106
63
125
123
122
126
71
102
125
120
126
68
15
82
126
113
50
126
99
61
-48
-89
-91
-93
-86
-78
-71
-89
-87
-60
-53
-54
-56
-23
-7
77
67
84
15
-80
-68
-70
-81
-11
-12
-104
-101
-110
-111
-110
-108
-108
-91
-46
-49
-49
-49
-50
-49
-51
-52
-54
-55
-57
-58
-61
-63
-66
1
31
127
123
126
124
126
115
29
107
126
124
125
123
118
18
-39
-42
-31
-47
-96
-76
-78
-54
-32
-62
-1
123
100
62
126
123
121
124
70
102
124
119
125
62
16
77
125
110
47
127
90
-9
-73
-88
-92
-94
-69
-61
-56
-72
-84
-47
-55
-54
-57
-22
-9
75
66
74
9
-78
-68
-68
-98
-8
-6
-121
-109
-109
-110
-111
-104
-104
-98
-53
-48
-52
-53
-54
-54
-56
-61
-63
-63
-65
-65
-66
-71
-70
-13
41
127
122
126
125
126
113
36
113
126
124
123
122
102
-18
-70
-60
-62
-80
-87
-76
-88
-27
-12
-35
2
123
100
61
126
121
120
125
78
106
125
122
119
68
36
89
126
108
64
125
92
-26
-82
-94
-88
-93
-60
-47
-50
-62
-70
-47
-56
-55
-57
-26
-10
73
65
74
10
-79
-69
-67
-94
-11
-58
-115
-107
-104
-109
-117
-72
-33
-57
-73
-44
-50
-51
-52
-52
-56
-59
-58
-59
-63
-65
-70
-74
-79
-4
40
126
115
116
115
120
91
32
111
118
118
114
120
81
-43
-65
-47
-87
-39
-74
-83
-78
-24
-34
-50
36
122
91
52
122
118
120
121
107
119
125
124
121
106
103
120
126
125
110
127
101
-37
-94
-99
-87
-93
-63
-41
-50
-57
-69
-69
-54
-55
-56
-34
-17
69
66
71
8
-80
-68
-68
-95
-16
-76
-119
-95
-97
-109
-116
-94
-52
-8
-61
-43
-48
-50
-49
-50
-55
-57
-57
-65
-60
-61
-65
-67
-74
-21
13
97
82
85
86
92
58
21
80
89
94
96
99
71
-54
-52
-79
-59
-49
-96
-78
-86
-54
-48
-60
14
104
73
50
111
111
109
108
79
99
106
106
104
69
62
88
112
100
63
116
79
-21
-95
-105
-84
-96
-80
-59
-52
-59
-93
-78
-49
-54
-53
-28
-13
52
62
60
15
-75
-70
-68
-95
-15
-80
-103
-104
-106
-115
-115
-112
-113
-69
-39
-49
-48
-52
-56
-56
-58
-61
-65
-72
-90
-85
-72
-71
-70
-11
21
81
76
69
65
68
46
26
56
52
48
39
46
8
-73
-61
-89
-72
-71
-89
-95
-85
-71
-71
-32
-49
15
7
3
28
28
26
23
6
12
18
15
17
-12
-30
-13
3
-4
-27
4
-8
-39
-100
-103
-100
-106
-100
-84
-70
-86
-97
-73
-31
-37
-34
-14
-4
11
21
22
-13
-65
-65
-69
-88
-46
-60
-85
-107
-99
-112
-115
-108
-97
-101
-70
-50
-52
-55
-59
-59
-60
-64
-66
-69
-82
-98
-87
-74
-73
-52
-58
-61
-56
-64
-67
-68
-71
-69
-76
-75
-81
-88
-63
-19
-44
-81
-82
-51
-54
-98
-97
-86
-80
-43
-45
-56
-49
-51
-49
-47
-47
-46
-49
-51
-48
-54
-58
-57
-64
-62
-63
-68
-70
-75
-79
-68
-91
-102
-103
-103
-106
-107
-105
-103
-97
-68
-90
-86
-78
-77
-81
-81
-77
-80
-83
-78
-72
-69
-72
-81
-98
-62
-96
-101
-101
-111
-110
-106
-99
-82
-80
-49
-58
-59
-60
-61
-66
-70
-72
-75
-72
-75
-94
-80
-74
-32
-32
-33
-38
-37
-34
-35
-34
-33
-31
-29
-29
-27
-29
-35
-41
-75
-94
-53
-64
-99
-103
-78
-85
-50
-91
-43
-11
-20
-19
-18
-21
-21
-22
-22
-20
-19
-17
-16
-16
-16
-16
-17
-18
-18
-20
-27
-82
-109
-103
-102
-105
-107
-104
-103
-105
-76
-65
-20
-29
-26
-26
-29
-29
-29
-30
-33
-32
-33
-37
-33
-93
-90
-98
-103
-107
-109
-110
-107
-94
-85
-78
-55
-62
-63
-61
-63
-69
-73
-78
-76
-90
-89
-92
-90
-78
-38
-34
-35
-35
-30
-26
-25
-26
-25
-25
-28
-28
-29
-27
-38
-51
-56
-80
-59
-65
-95
-100
-71
-73
-23
-67
-60
-38
-43
-43
-45
-47
-46
-48
-48
-45
-45
-43
-43
-43
-40
-40
-41
-39
-41
-37
-56
-100
-109
-105
-104
-107
-109
-106
-108
-105
-78
-77
-34
-41
-40
-44
-43
-43
-44
-46
-46
-45
-45
-46
-46
-97
-103
-101
-109
-108
-110
-111
-113
-103
-82
-86
-61
-65
-69
-70
-70
-76
-79
-83
-87
-101
-101
-104
-104
-92
-38
-39
-37
-35
-35
-35
-33
-31
-31
-30
-31
-30
-30
-28
-21
-44
-64
-60
-34
-63
-95
-88
-82
-54
5
-52
-54
-39
-43
-43
-45
-44
-44
-47
-47
-46
-46
-45
-45
-46
-44
-42
-42
-45
-47
-43
-55
-95
-110
-107
-107
-110
-110
-107
-109
-89
-76
-86
-34
-43
-42
-44
-42
-45
-45
-45
-44
-44
-45
-47
-44
-93
-106
-92
-106
-110
-114
-116
-112
-106
-82
-97
-75
-79
-80
-85
-89
-93
-96
-96
-106
-104
-100
-112
-116
-106
-43
-41
-39
-37
-38
-37
-35
-35
-37
-36
-36
-39
-40
-35
-38
-56
-65
-69
-49
-69
-95
-89
-77
-51
-3
-72
-57
-48
-49
-52
-52
-53
-54
-56
-53
-49
-47
-47
-45
-43
-42
-41
-42
-42
-42
-43
-48
-78
-108
-108
-108
-108
-109
-107
-111
-61
-56
-70
-38
-43
-42
-43
-43
-43
-44
-44
-44
-42
-45
-46
-45
-83
-103
-76
-80
-98
-101
-99
-100
-88
-82
-90
-80
-79
-81
-86
-89
-93
-95
-97
-108
-111
-106
-116
-117
-118
-46
-44
-43
-42
-39
-41
-42
-42
-42
-44
-43
-43
-46
-37
-44
-64
-74
-75
-55
-60
-94
-86
-68
-46
-18
-78
-54
-46
-47
-48
-47
-45
-46
-49
-49
-47
-46
-43
-44
-44
-44
-42
-41
-44
-43
-39
-57
-97
-110
-110
-108
-108
-110
-108
-113
-81
-55
-72
-38
-44
-43
-44
-44
-44
-45
-45
-45
-45
-46
-49
-48
-80
-104
-98
-104
-104
-108
-109
-109
-99
-89
-99
-79
-80
-82
-87
-89
-97
-98
-101
-117
-121
-118
-119
-120
-121
-43
-41
-39
-38
-38
-38
-37
-37
-38
-38
-38
-38
-38
-37
-45
-63
-72
-72
-48
-68
-94
-82
-67
-44
-24
-91
-54
-45
-50
-49
-49
-50
-50
-50
-52
-52
-49
-46
-45
-46
-46
-46
-44
-45
-45
-42
-52
-54
-98
-115
-108
-110
-111
-110
-113
-102
-83
-93
-36
-46
-44
-45
-45
-45
-46
-45
-45
-48
-48
-52
-50
-79
-107
-106
-115
-108
-110
-106
-110
-106
-89
-105
-79
-82
-83
-88
-92
-100
-103
-105
-113
-120
-119
-121
-120
-120
-41
-42
-43
-42
-40
-40
-39
-39
-39
-39
-39
-41
-41
-42
-49
-59
-67
-66
-43
-68
-93
-84
-68
-45
-27
-81
-57
-45
-50
-48
-51
-52
-50
-53
-50
-52
-52
-50
-48
-48
-47
-45
-45
-45
-46
-44
-55
-58
-92
-111
-109
-110
-111
-110
-110
-102
-89
-86
-39
-48
-45
-46
-47
-46
-47
-48
-50
-50
-52
-53
-51
-78
-106
-107
-112
-106
-112
-104
-104
-107
-100
-107
-84
-84
-86
-92
-108
-113
-111
-107
-104
-114
-120
-119
-120
-121
-43
-43
-44
-43
-41
-40
-41
-39
-40
-42
-41
-42
-42
-45
-54
-59
-68
-67
-44
-75
-90
-87
-69
-47
-27
-71
-60
-49
-49
-52
-53
-53
-52
-54
-52
-53
-52
-51
-50
-48
-45
-45
-45
-46
-48
-44
-55
-79
-99
-110
-108
-111
-112
-112
-109
-101
-88
-91
-43
-50
-47
-48
-49
-48
-49
-50
-52
-51
-52
-56
-56
-78
-106
-109
-106
-102
-114
-111
-110
-109
-85
-92
-86
-84
-87
-105
-115
-120
-118
-114
-109
-107
-116
-118
-119
-119
-47
-46
-46
-44
-43
-43
-41
-40
-42
-43
-43
-43
-45
-48
-58
-62
-70
-70
-45
-81
-90
-86
-72
-48
-55
-81
-60
-52
-50
-54
-54
-52
-54
-54
-55
-54
-53
-53
-52
-51
-49
-46
-45
-47
-48
-45
-60
-84
-104
-111
-108
-110
-110
-111
-109
-103
-89
-86
-41
-50
-49
-52
-52
-51
-52
-52
-52
-53
-54
-56
-57
-81
-108
-108
-109
-88
-114
-120
-116
-107
-92
-108
-88
-83
-86
-101
-107
-109
-107
-100
-95
-102
-106
-108
-107
-107
-48
-47
-45
-45
-45
-44
-44
-43
-44
-43
-45
-45
-45
-49
-60
-63
-75
-69
-44
-88
-96
-88
-73
-56
-75
-85
-59
-53
-55
-54
-55
-53
-56
-56
-56
-54
-54
-53
-53
-51
-48
-48
-48
-48
-50
-48
-63
-82
-104
-111
-110
-110
-111
-111
-109
-101
-103
-79
-46
-54
-54
-52
-52
-51
-55
-55
-55
-57
-60
-63
-62
-87
-110
-108
-111
-107
-114
-118
-117
-111
-108
-100
-74
-60
-66
-69
-70
-75
-78
-78
-78
-83
-89
-89
-88
-87
-50
-49
-48
-47
-46
-46
-46
-46
-44
-45
-46
-45
-46
-53
-64
-67
-75
-68
-43
-92
-98
-94
-75
-55
-77
-84
-62
-54
-56
-55
-57
-59
-59
-59
-59
-56
-54
-53
-54
-53
-51
-51
-52
-52
-53
-48
-77
-92
-101
-110
-110
-111
-111
-112
-111
-99
-87
-84
-51
-59
-59
-60
-62
-63
-63
-63
-63
-63
-64
-65
-64
-87
-110
-110
-108
-101
-113
-118
-117
-113
-96
-95
-64
-45
-51
-54
-56
-55
-57
-59
-60
-65
-65
-63
-62
-61
-52
-52
-50
-50
-48
-46
-46
-46
-44
-46
-47
-45
-49
-59
-68
-70
-76
-70
-45
-88
-98
-91
-77
-58
-78
-90
-65
-54
-57
-59
-59
-61
-60
-60
-59
-59
-59
-58
-57
-54
-52
-53
-53
-53
-54
-50
-80
-96
-99
-111
-110
-110
-112
-112
-111
-107
-92
-82
-58
-65
-63
-65
-64
-63
-58
-57
-55
-52
-49
-45
-42
-68
-109
-110
-110
-105
-109
-110
-109
-108
-112
-105
-59
-47
-50
-49
-52
-54
-54
-53
-55
-58
-58
-59
-59
-57
-54
-53
-52
-51
-50
-49
-49
-47
-47
-47
-46
-46
-49
-61
-70
-69
-76
-70
-49
-86
-102
-94
-79
-63
-77
-91
-66
-57
-60
-62
-62
-61
-60
-61
-62
-62
-60
-59
-60
-57
-56
-56
-56
-56
-58
-57
-78
-78
-96
-111
-109
-111
-111
-112
-112
-108
-108
-82
-52
-52
-51
-50
-46
-40
-39
-38
-36
-36
-36
-36
-33
-60
-107
-106
-109
-109
-110
-111
-111
-113
-114
-96
-49
-40
-43
-44
-43
-44
-46
-45
-48
-51
-53
-54
-53
-50
-54
-55
-53
-52
-51
-53
-52
-50
-51
-50
-49
-51
-51
-63
-73
-70
-78
-71
-43
-81
-99
-93
-79
-70
-79
-85
-71
-62
-62
-63
-63
-63
-65
-66
-69
-66
-65
-63
-62
-61
-61
-60
-60
-60
-61
-56
-86
-98
-102
-110
-109
-109
-109
-110
-110
-109
-113
-81
-32
-40
-37
-36
-35
-30
-31
-31
-31
-35
-36
-34
-32
-67
-106
-109
-111
-110
-108
-109
-110
-111
-114
-97
-46
-41
-44
-46
-46
-43
-43
-43
-42
-41
-41
-42
-54
-61
-58
-58
-56
-56
-55
-54
-54
-53
-53
-53
-52
-53
-55
-66
-72
-73
-79
-69
-49
-81
-93
-94
-79
-70
-79
-81
-73
-69
-69
-67
-66
-68
-70
-72
-70
-68
-72
-72
-70
-69
-67
-66
-65
-66
-65
-55
-94
-122
-113
-113
-114
-112
-111
-109
-107
-105
-116
-77
-25
-35
-33
-34
-33
-34
-33
-34
-34
-34
-36
-36
-32
-39
-102
-115
-117
-119
-119
-118
-118
-116
-119
-97
-50
-47
-46
-46
-42
-37
-38
-40
-46
-54
-61
-70
-76
-80
-59
-59
-58
-59
-58
-57
-56
-55
-55
-55
-56
-57
-58
-67
-72
-72
-68
-59
-49
-51
-73
-95
-78
-71
-79
-75
-69
-66
-57
-48
-47
-48
-45
-51
-52
-44
-41
-43
-40
-40
-42
-47
-47
-45
-51
-41
-56
-96
-104
-107
-104
-105
-110
-115
-122
-127
-122
-64
-34
-37
-35
-35
-34
-35
-31
-32
-31
-32
-34
-34
-33
-32
-70
-90
-99
-107
-109
-114
-114
-113
-114
-94
-64
-60
-56
-55
-54
-53
-57
-66
-79
-81
-78
-80
-81
-79
-62
-62
-63
-61
-61
-61
-60
-59
-59
-59
-59
-61
-62
-74
-83
-72
-52
-48
-48
-45
-64
-96
-77
-72
-77
-66
-56
-49
-47
-48
-42
-37
-29
-21
-14
-8
-1
3
6
6
6
11
13
13
10
11
7
0
-14
-23
-30
-33
-38
-53
-65
-70
-72
-45
-31
-33
-37
-38
-38
-35
-37
-35
-33
-34
-35
-36
-33
-37
-46
-48
-48
-50
-54
-57
-62
-65
-66
-60
-49
-55
-62
-68
-74
-76
-80
-82
-84
-81
-80
-78
-79
-81
-67
-69
-65
-65
-66
-66
-65
-64
-64
-64
-65
-66
-68
-78
-86
-76
-61
-55
-56
-58
-59
-76
-69
-72
-89
-69
-39
-40
-38
-33
-32
-30
-25
-20
-17
-15
-13
-10
-9
-7
-7
-8
-9
-9
-7
-5
-4
-3
-1
1
0
1
9
13
16
18
14
6
3
2
-4
-3
-3
-8
-1
-12
-43
-36
-39
-40
-39
-42
-50
-54
-57
-58
-59
-57
-57
-57
-56
-65
-68
-70
-80
-78
-79
-79
-80
-81
-82
-78
-81
-80
-80
-80
-70
-70
-72
-70
-70
-70
-69
-68
-68
-68
-67
-63
-63
-76
-82
-74
-60
-58
-60
-54
-60
-62
-62
-49
-63
-54
-25
-23
-19
-14
-14
-14
-14
-15
-16
-17
-15
-15
-15
-15
-16
-18
-19
-18
-17
-16
-15
-16
-16
-14
-15
-13
-12
-12
-13
-13
-11
-5
0
5
10
10
10
15
-10
-53
-36
-32
-34
-35
-34
-38
-42
-47
-52
-51
-53
-60
-66
-71
-76
-79
-82
-83
-80
-80
-81
-81
-81
-80
-80
-79
-79
-80
-79
-79
